{
  "generated_at": 1776823223147,
  "n_models": 29,
  "n_prompts_used": 30,
  "embedding_dim_per_prompt": 1536,
  "concat_dim": 46080,
  "models": [
    {
      "slug": "anthropic/claude-opus-4.7",
      "family": "anthropic",
      "label": "Claude Opus 4.7",
      "coverage": 1,
      "missing": [],
      "x_umap": 0.4123640171771594,
      "y_umap": -0.4981628538477705
    },
    {
      "slug": "anthropic/claude-sonnet-4.6",
      "family": "anthropic",
      "label": "Claude Sonnet 4.6",
      "coverage": 1,
      "missing": [],
      "x_umap": 0.6062375092734936,
      "y_umap": -0.48644419269303485
    },
    {
      "slug": "anthropic/claude-haiku-4.5",
      "family": "anthropic",
      "label": "Claude Haiku 4.5",
      "coverage": 1,
      "missing": [],
      "x_umap": 0.5132003032425874,
      "y_umap": -0.3530432319314797
    },
    {
      "slug": "openai/gpt-5",
      "family": "openai",
      "label": "GPT-5",
      "coverage": 1,
      "missing": [],
      "x_umap": 0.09165912215557323,
      "y_umap": -0.34997187588211837
    },
    {
      "slug": "openai/gpt-5-mini",
      "family": "openai",
      "label": "GPT-5 mini",
      "coverage": 1,
      "missing": [],
      "x_umap": -0.06468023259136219,
      "y_umap": -0.27513432017347095
    },
    {
      "slug": "openai/gpt-4.1-mini",
      "family": "openai",
      "label": "GPT-4.1 mini",
      "coverage": 1,
      "missing": [],
      "x_umap": -0.4046641275714909,
      "y_umap": 0.036911638058503386
    },
    {
      "slug": "openai/gpt-4o-mini",
      "family": "openai",
      "label": "GPT-4o mini",
      "coverage": 1,
      "missing": [],
      "x_umap": -0.3548222298075788,
      "y_umap": 0.22894565289415886
    },
    {
      "slug": "google/gemini-2.5-pro",
      "family": "google",
      "label": "Gemini 2.5 Pro",
      "coverage": 1,
      "missing": [],
      "x_umap": -0.5244370715473977,
      "y_umap": -0.7476952544192264
    },
    {
      "slug": "google/gemini-2.5-flash",
      "family": "google",
      "label": "Gemini 2.5 Flash",
      "coverage": 1,
      "missing": [],
      "x_umap": -0.5785243759542734,
      "y_umap": -0.33349389151396996
    },
    {
      "slug": "meta-llama/llama-3.3-70b-instruct",
      "family": "meta",
      "label": "Llama 3.3 70B",
      "coverage": 1,
      "missing": [],
      "x_umap": -0.5011386982923707,
      "y_umap": 0.7475742747618855
    },
    {
      "slug": "meta-llama/llama-4-maverick",
      "family": "meta",
      "label": "Llama 4 Maverick",
      "coverage": 1,
      "missing": [],
      "x_umap": -0.30787163768948916,
      "y_umap": 0.7738758857847247
    },
    {
      "slug": "meta-llama/llama-3.1-8b-instruct",
      "family": "meta",
      "label": "Llama 3.1 8B",
      "coverage": 1,
      "missing": [],
      "x_umap": -0.3889655527442673,
      "y_umap": 0.8999999999999999
    },
    {
      "slug": "mistralai/mistral-large-2411",
      "family": "mistral",
      "label": "Mistral Large (2411)",
      "coverage": 1,
      "missing": [],
      "x_umap": 0.01621960143694747,
      "y_umap": 0.39933009753940163
    },
    {
      "slug": "mistralai/mistral-small-3.2-24b-instruct",
      "family": "mistral",
      "label": "Mistral Small 3.2 24B",
      "coverage": 1,
      "missing": [],
      "x_umap": -0.3582036647552735,
      "y_umap": -0.5468536400468552
    },
    {
      "slug": "mistralai/mistral-nemo",
      "family": "mistral",
      "label": "Mistral Nemo",
      "coverage": 1,
      "missing": [],
      "x_umap": 0.1532122492922767,
      "y_umap": 0.3137345085061962
    },
    {
      "slug": "deepseek/deepseek-chat-v3-0324",
      "family": "deepseek",
      "label": "DeepSeek V3 (0324)",
      "coverage": 1,
      "missing": [],
      "x_umap": -0.2855556570080894,
      "y_umap": -0.37371087143574205
    },
    {
      "slug": "deepseek/deepseek-v3.2",
      "family": "deepseek",
      "label": "DeepSeek V3.2",
      "coverage": 1,
      "missing": [],
      "x_umap": -0.30827174017047376,
      "y_umap": -0.8999999999999999
    },
    {
      "slug": "qwen/qwen-2.5-72b-instruct",
      "family": "qwen",
      "label": "Qwen 2.5 72B",
      "coverage": 1,
      "missing": [],
      "x_umap": -0.08004538303609124,
      "y_umap": 0.20439152042866188
    },
    {
      "slug": "qwen/qwen3-235b-a22b-2507",
      "family": "qwen",
      "label": "Qwen3 235B A22B",
      "coverage": 1,
      "missing": [],
      "x_umap": -0.03983469941296207,
      "y_umap": -0.5220699854331549
    },
    {
      "slug": "qwen/qwen3-30b-a3b-instruct-2507",
      "family": "qwen",
      "label": "Qwen3 30B A3B",
      "coverage": 1,
      "missing": [],
      "x_umap": -0.22757609060105932,
      "y_umap": -0.7194433024222343
    },
    {
      "slug": "cohere/command-a",
      "family": "cohere",
      "label": "Command A",
      "coverage": 1,
      "missing": [],
      "x_umap": -0.5626835636233566,
      "y_umap": -0.11350309063992971
    },
    {
      "slug": "cohere/command-r-plus-08-2024",
      "family": "cohere",
      "label": "Command R+",
      "coverage": 1,
      "missing": [],
      "x_umap": -0.6062375092734938,
      "y_umap": 0.4605036865697934
    },
    {
      "slug": "x-ai/grok-4-fast",
      "family": "xai",
      "label": "Grok 4 Fast",
      "coverage": 1,
      "missing": [],
      "x_umap": 0.11491716343990227,
      "y_umap": -0.6864483428431268
    },
    {
      "slug": "nousresearch/hermes-4-405b",
      "family": "nous",
      "label": "Hermes 4 405B",
      "coverage": 1,
      "missing": [],
      "x_umap": -0.3453198403818766,
      "y_umap": -0.17634458855859989
    },
    {
      "slug": "nousresearch/hermes-4-70b",
      "family": "nous",
      "label": "Hermes 4 70B",
      "coverage": 1,
      "missing": [],
      "x_umap": -0.2963178971223928,
      "y_umap": 0.34326022151755314
    },
    {
      "slug": "amazon/nova-pro-v1",
      "family": "amazon",
      "label": "Nova Pro",
      "coverage": 1,
      "missing": [],
      "x_umap": 0.02289617666891564,
      "y_umap": 0.08902031447792243
    },
    {
      "slug": "microsoft/phi-4",
      "family": "microsoft",
      "label": "Phi-4",
      "coverage": 1,
      "missing": [],
      "x_umap": -0.5813567962517487,
      "y_umap": 0.2475139883652022
    },
    {
      "slug": "moonshotai/kimi-k2-0905",
      "family": "moonshot",
      "label": "Kimi K2 (0905)",
      "coverage": 1,
      "missing": [],
      "x_umap": 0.1560809317309384,
      "y_umap": -0.8543224954913416
    },
    {
      "slug": "z-ai/glm-4.6",
      "family": "zai",
      "label": "GLM 4.6",
      "coverage": 0.8333333333333334,
      "missing": [
        "p02-strengths",
        "p13-causal",
        "p23-limitations",
        "p24-dream",
        "p26-city"
      ],
      "x_umap": -0.13309691053528805,
      "y_umap": -0.8300651768018348
    }
  ],
  "pairwise_cosine": [
    [
      1,
      0.7772890255077959,
      0.771802703935453,
      0.6991954591960132,
      0.7350527471800983,
      0.7108779200195384,
      0.6800997566031397,
      0.518374025664071,
      0.7224132770506247,
      0.6913770669442707,
      0.6952426023956347,
      0.6912478931213989,
      0.6854975260940144,
      0.7253772638661439,
      0.6650602146513328,
      0.7306030982743721,
      0.7361043607433961,
      0.6758405002006085,
      0.7504522730742395,
      0.729914923940485,
      0.7292578285868889,
      0.6769460650803765,
      0.7301957582511412,
      0.6815484530888836,
      0.6625639161480291,
      0.6816289187367798,
      0.6742679812444761,
      0.7141261025791034,
      0.41047891906181655
    ],
    [
      0.7772890255077959,
      1,
      0.7848355679033228,
      0.6761901881742721,
      0.7218108250964054,
      0.719752947052653,
      0.6755862385951483,
      0.5217918763264309,
      0.7146577044541658,
      0.7007665771678963,
      0.7006815224369176,
      0.703457884250202,
      0.6924391941121188,
      0.7384910934405564,
      0.6785614500133059,
      0.7350569938600052,
      0.7308148684956206,
      0.6955880551368329,
      0.7431552517110483,
      0.7260740434507351,
      0.7298859543182843,
      0.6833399705506991,
      0.7119190443440598,
      0.695720538967516,
      0.6610996953890989,
      0.6810134523498461,
      0.6847350513045922,
      0.6772529263760692,
      0.4082572902153633
    ],
    [
      0.771802703935453,
      0.7848355679033228,
      1,
      0.6755484953686256,
      0.7219572769851739,
      0.7426440918587258,
      0.6988873302087947,
      0.5253917609172499,
      0.7401134537181316,
      0.7084789603218633,
      0.7243843537777921,
      0.7185125999400774,
      0.7033951743822432,
      0.7568099056723476,
      0.6926932320137937,
      0.7636009724672576,
      0.7541597459289505,
      0.6955868542222369,
      0.7601023346069968,
      0.7509716909852541,
      0.7335136769410127,
      0.7006675351277791,
      0.7256838858449081,
      0.7177552266263209,
      0.7043112262979498,
      0.6910597741496848,
      0.7043146869873382,
      0.6891185770303465,
      0.41298319418442264
    ],
    [
      0.6991954591960132,
      0.6761901881742721,
      0.6755484953686256,
      1,
      0.7519623008066498,
      0.6706656397113279,
      0.6444416922562315,
      0.42721597822591795,
      0.6607404322580905,
      0.6438339707012097,
      0.639948482043123,
      0.6373829926071947,
      0.6508356779748452,
      0.6681238392226013,
      0.6383703501527382,
      0.6916900371119561,
      0.6916751478929527,
      0.6330494355382772,
      0.7133139941349028,
      0.6913374622620251,
      0.6760990059457933,
      0.6346894544695477,
      0.671683836859635,
      0.6401887739658779,
      0.6187980863012311,
      0.640756218888282,
      0.6451563754919132,
      0.6790691339956341,
      0.3674103834854113
    ],
    [
      0.7350527471800983,
      0.7218108250964054,
      0.7219572769851739,
      0.7519623008066498,
      1,
      0.7407876793293183,
      0.7115935378153394,
      0.49087786242894044,
      0.7224462954602194,
      0.7237165471163921,
      0.7188670458834457,
      0.7144221070637939,
      0.7290230161805374,
      0.7297329169782721,
      0.712096091638452,
      0.749773654110363,
      0.7494406184662681,
      0.7296915927581495,
      0.7748915835203635,
      0.737267104936309,
      0.7584905731800884,
      0.7125996940762825,
      0.7464186253938166,
      0.7020162636724245,
      0.6840088908790882,
      0.7111835259688095,
      0.7104450186532778,
      0.7095369817449497,
      0.4079234632670962
    ],
    [
      0.7108779200195384,
      0.719752947052653,
      0.7426440918587258,
      0.6706656397113279,
      0.7407876793293183,
      1,
      0.8391292406393015,
      0.5313123640540528,
      0.7672109387627989,
      0.7814914053671612,
      0.7842224180558197,
      0.7845978738217829,
      0.7903920712473663,
      0.7874511138106721,
      0.7638048831273448,
      0.7928038295117964,
      0.7675281633152778,
      0.8145333622662253,
      0.8062705702129949,
      0.7953235483829014,
      0.8131707540184513,
      0.7988798350053645,
      0.758275000121302,
      0.7714779635977375,
      0.7915806695977085,
      0.7954386851016051,
      0.8229325528718927,
      0.6860920228076625,
      0.4225402243237206
    ],
    [
      0.6800997566031397,
      0.6755862385951483,
      0.6988873302087947,
      0.6444416922562315,
      0.7115935378153394,
      0.8391292406393015,
      1,
      0.4919433119321437,
      0.7404071123457391,
      0.7714614119558959,
      0.7680110290745256,
      0.7723209560204305,
      0.7841505281021709,
      0.7645589793672865,
      0.7648705420750116,
      0.7633523369744812,
      0.745006414343204,
      0.7936200289849127,
      0.771603049973868,
      0.7643545894915434,
      0.7894759251729325,
      0.7879023914805265,
      0.7466519840791374,
      0.7607456966192596,
      0.7918251731377943,
      0.7873904406510668,
      0.8287209133168207,
      0.6497671611143955,
      0.4071002848585908
    ],
    [
      0.518374025664071,
      0.5217918763264309,
      0.5253917609172499,
      0.42721597822591795,
      0.49087786242894044,
      0.5313123640540528,
      0.4919433119321437,
      1,
      0.5321757407393007,
      0.49947574173422565,
      0.5007059749300535,
      0.5099802669054092,
      0.5055489526642404,
      0.5343311634233302,
      0.4797250728289482,
      0.5312291557911367,
      0.5422078112802106,
      0.5040425480628238,
      0.531009668433228,
      0.5235387904450168,
      0.5325668980847579,
      0.4860755057295663,
      0.525454322634913,
      0.48425180381952326,
      0.487362748833912,
      0.5051112034707554,
      0.4830037279389597,
      0.487797744858562,
      0.3820338543789615
    ],
    [
      0.7224132770506247,
      0.7146577044541658,
      0.7401134537181316,
      0.6607404322580905,
      0.7224462954602194,
      0.7672109387627989,
      0.7404071123457391,
      0.5321757407393007,
      1,
      0.7379722975455519,
      0.7570455800873436,
      0.7497706225129663,
      0.7491800061097114,
      0.7576344820433107,
      0.7270924730108552,
      0.7654862420648442,
      0.7510480939165549,
      0.7522345272845142,
      0.7702899993382877,
      0.7570562079563887,
      0.7895606541534778,
      0.7461395273093023,
      0.7517640084206915,
      0.7506440997345033,
      0.7324007212993217,
      0.7414312239287829,
      0.7478277191858007,
      0.6992667225748097,
      0.4189623940934851
    ],
    [
      0.6913770669442707,
      0.7007665771678963,
      0.7084789603218633,
      0.6438339707012097,
      0.7237165471163921,
      0.7814914053671612,
      0.7714614119558959,
      0.49947574173422565,
      0.7379722975455519,
      1,
      0.8210564123200257,
      0.8172029148675272,
      0.7583567413979202,
      0.760588339348697,
      0.7489019059356552,
      0.7573864603262733,
      0.7373430053778246,
      0.8016101144516186,
      0.7557512538456709,
      0.7418726386707223,
      0.7906018990857037,
      0.798898643241189,
      0.73464251588318,
      0.7490930487679315,
      0.7408929986247762,
      0.7735933977701214,
      0.7753467257058023,
      0.62929968909914,
      0.39902591881140725
    ],
    [
      0.6952426023956347,
      0.7006815224369176,
      0.7243843537777921,
      0.639948482043123,
      0.7188670458834457,
      0.7842224180558197,
      0.7680110290745256,
      0.5007059749300535,
      0.7570455800873436,
      0.8210564123200257,
      1,
      0.8167469099529154,
      0.771554556611267,
      0.762143916802736,
      0.7468625266613864,
      0.7585869049101617,
      0.7372208163503059,
      0.7802281759441205,
      0.7721437696080431,
      0.7424468523603557,
      0.7961037903011329,
      0.7900234986277199,
      0.7348448204553912,
      0.7594191882944604,
      0.7738949395222952,
      0.7811125837698643,
      0.7707386274922224,
      0.6562828996938774,
      0.40675139232015045
    ],
    [
      0.6912478931213989,
      0.703457884250202,
      0.7185125999400774,
      0.6373829926071947,
      0.7144221070637939,
      0.7845978738217829,
      0.7723209560204305,
      0.5099802669054092,
      0.7497706225129663,
      0.8172029148675272,
      0.8167469099529154,
      1,
      0.750594861012924,
      0.7681782504984273,
      0.7451441144609275,
      0.7422210220536971,
      0.73841797140302,
      0.7710743277074884,
      0.7559218334027524,
      0.73907299795053,
      0.7849418905147567,
      0.7814302547230433,
      0.7169469783048088,
      0.7536366194382813,
      0.7447247570027454,
      0.7747543179729123,
      0.7706113714296515,
      0.6346045814141574,
      0.4031975451158392
    ],
    [
      0.6854975260940144,
      0.6924391941121188,
      0.7033951743822432,
      0.6508356779748452,
      0.7290230161805374,
      0.7903920712473663,
      0.7841505281021709,
      0.5055489526642404,
      0.7491800061097114,
      0.7583567413979202,
      0.771554556611267,
      0.750594861012924,
      1,
      0.7562776120516155,
      0.7767203629451955,
      0.7621214654944924,
      0.7507650717482894,
      0.8048279793134824,
      0.7638302166508262,
      0.7414671102682376,
      0.7975085463338845,
      0.7685590873363916,
      0.7528512520263083,
      0.7574452323673295,
      0.776740950207175,
      0.7709660846296696,
      0.7822716109666064,
      0.6649492849556841,
      0.4052533285617192
    ],
    [
      0.7253772638661439,
      0.7384910934405564,
      0.7568099056723476,
      0.6681238392226013,
      0.7297329169782721,
      0.7874511138106721,
      0.7645589793672865,
      0.5343311634233302,
      0.7576344820433107,
      0.760588339348697,
      0.762143916802736,
      0.7681782504984273,
      0.7562776120516155,
      1,
      0.7471288887843777,
      0.8163632372675728,
      0.778063649470298,
      0.7670031854134552,
      0.7812598249616981,
      0.7858947648547888,
      0.7834193523810153,
      0.7404218820286592,
      0.7481293730420954,
      0.7501178905146499,
      0.7264079685969329,
      0.786270178434859,
      0.7532262226454645,
      0.6863541998945631,
      0.4117649034857914
    ],
    [
      0.6650602146513328,
      0.6785614500133059,
      0.6926932320137937,
      0.6383703501527382,
      0.712096091638452,
      0.7638048831273448,
      0.7648705420750116,
      0.4797250728289482,
      0.7270924730108552,
      0.7489019059356552,
      0.7468625266613864,
      0.7451441144609275,
      0.7767203629451955,
      0.7471288887843777,
      1,
      0.7519049775546301,
      0.7120410240188382,
      0.7706548663243047,
      0.7532633050615816,
      0.7288216638933357,
      0.7626706411966329,
      0.7497601484841724,
      0.7230666656539873,
      0.7524370587766523,
      0.7419371034089245,
      0.7677726782899754,
      0.7498104023957033,
      0.6367219164118302,
      0.39631186435272675
    ],
    [
      0.7306030982743721,
      0.7350569938600052,
      0.7636009724672576,
      0.6916900371119561,
      0.749773654110363,
      0.7928038295117964,
      0.7633523369744812,
      0.5312291557911367,
      0.7654862420648442,
      0.7573864603262733,
      0.7585869049101617,
      0.7422210220536971,
      0.7621214654944924,
      0.8163632372675728,
      0.7519049775546301,
      1,
      0.7844996987579543,
      0.7636205540033496,
      0.8018049102002706,
      0.7767208752841895,
      0.8022409284824328,
      0.7367332392610157,
      0.7623267559803794,
      0.776155312083498,
      0.7445084406900851,
      0.7646070080063463,
      0.752305878475169,
      0.6802849667959858,
      0.40786683701510384
    ],
    [
      0.7361043607433961,
      0.7308148684956206,
      0.7541597459289505,
      0.6916751478929527,
      0.7494406184662681,
      0.7675281633152778,
      0.745006414343204,
      0.5422078112802106,
      0.7510480939165549,
      0.7373430053778246,
      0.7372208163503059,
      0.73841797140302,
      0.7507650717482894,
      0.778063649470298,
      0.7120410240188382,
      0.7844996987579543,
      1,
      0.7517437419192161,
      0.7831168637800079,
      0.794292712700679,
      0.7715734703911044,
      0.7403279397068805,
      0.7624409592171708,
      0.7321988095650436,
      0.7160412448704647,
      0.7458110513137571,
      0.7317134454919187,
      0.7182707585685876,
      0.4220590309400336
    ],
    [
      0.6758405002006085,
      0.6955880551368329,
      0.6955868542222369,
      0.6330494355382772,
      0.7296915927581495,
      0.8145333622662253,
      0.7936200289849127,
      0.5040425480628238,
      0.7522345272845142,
      0.8016101144516186,
      0.7802281759441205,
      0.7710743277074884,
      0.8048279793134824,
      0.7670031854134552,
      0.7706548663243047,
      0.7636205540033496,
      0.7517437419192161,
      1,
      0.762500064124598,
      0.754821012133752,
      0.8159540325917378,
      0.7902745462114773,
      0.7543108412202437,
      0.7562043133833749,
      0.762325900389507,
      0.8024107326697666,
      0.7934409025690025,
      0.6525017952643775,
      0.40027887428543374
    ],
    [
      0.7504522730742395,
      0.7431552517110483,
      0.7601023346069968,
      0.7133139941349028,
      0.7748915835203635,
      0.8062705702129949,
      0.771603049973868,
      0.531009668433228,
      0.7702899993382877,
      0.7557512538456709,
      0.7721437696080431,
      0.7559218334027524,
      0.7638302166508262,
      0.7812598249616981,
      0.7532633050615816,
      0.8018049102002706,
      0.7831168637800079,
      0.762500064124598,
      1,
      0.8285228004546177,
      0.7929252821602253,
      0.7514343276003844,
      0.7757504964590961,
      0.7529653468499644,
      0.7425277536653262,
      0.7637096523491931,
      0.7684092623958028,
      0.7101260707949668,
      0.4214888857845588
    ],
    [
      0.729914923940485,
      0.7260740434507351,
      0.7509716909852541,
      0.6913374622620251,
      0.737267104936309,
      0.7953235483829014,
      0.7643545894915434,
      0.5235387904450168,
      0.7570562079563887,
      0.7418726386707223,
      0.7424468523603557,
      0.73907299795053,
      0.7414671102682376,
      0.7858947648547888,
      0.7288216638933357,
      0.7767208752841895,
      0.794292712700679,
      0.754821012133752,
      0.8285228004546177,
      1,
      0.7807057880043887,
      0.7416203707381236,
      0.7424372139118532,
      0.7310999435295863,
      0.7279610105074673,
      0.752020620542803,
      0.7537162588485208,
      0.7157832922909831,
      0.4328975790305583
    ],
    [
      0.7292578285868889,
      0.7298859543182843,
      0.7335136769410127,
      0.6760990059457933,
      0.7584905731800884,
      0.8131707540184513,
      0.7894759251729325,
      0.5325668980847579,
      0.7895606541534778,
      0.7906018990857037,
      0.7961037903011329,
      0.7849418905147567,
      0.7975085463338845,
      0.7834193523810153,
      0.7626706411966329,
      0.8022409284824328,
      0.7715734703911044,
      0.8159540325917378,
      0.7929252821602253,
      0.7807057880043887,
      1,
      0.7950698876446622,
      0.7783655568411282,
      0.7647312391089399,
      0.7589928288381885,
      0.7884379234547048,
      0.8015443711746322,
      0.6984359959431263,
      0.410444559618451
    ],
    [
      0.6769460650803765,
      0.6833399705506991,
      0.7006675351277791,
      0.6346894544695477,
      0.7125996940762825,
      0.7988798350053645,
      0.7879023914805265,
      0.4860755057295663,
      0.7461395273093023,
      0.798898643241189,
      0.7900234986277199,
      0.7814302547230433,
      0.7685590873363916,
      0.7404218820286592,
      0.7497601484841724,
      0.7367332392610157,
      0.7403279397068805,
      0.7902745462114773,
      0.7514343276003844,
      0.7416203707381236,
      0.7950698876446622,
      1,
      0.7304598634510878,
      0.749041021465365,
      0.7719110805891041,
      0.7751996407302847,
      0.8008191624382812,
      0.6484435580524767,
      0.40425155222340964
    ],
    [
      0.7301957582511412,
      0.7119190443440598,
      0.7256838858449081,
      0.671683836859635,
      0.7464186253938166,
      0.758275000121302,
      0.7466519840791374,
      0.525454322634913,
      0.7517640084206915,
      0.73464251588318,
      0.7348448204553912,
      0.7169469783048088,
      0.7528512520263083,
      0.7481293730420954,
      0.7230666656539873,
      0.7623267559803794,
      0.7624409592171708,
      0.7543108412202437,
      0.7757504964590961,
      0.7424372139118532,
      0.7783655568411282,
      0.7304598634510878,
      1,
      0.7201707239870119,
      0.720434091668036,
      0.7327879499525365,
      0.7362793543885958,
      0.7211602378896167,
      0.3963813110379706
    ],
    [
      0.6815484530888836,
      0.695720538967516,
      0.7177552266263209,
      0.6401887739658779,
      0.7020162636724245,
      0.7714779635977375,
      0.7607456966192596,
      0.48425180381952326,
      0.7506440997345033,
      0.7490930487679315,
      0.7594191882944604,
      0.7536366194382813,
      0.7574452323673295,
      0.7501178905146499,
      0.7524370587766523,
      0.776155312083498,
      0.7321988095650436,
      0.7562043133833749,
      0.7529653468499644,
      0.7310999435295863,
      0.7647312391089399,
      0.749041021465365,
      0.7201707239870119,
      1,
      0.755698659419698,
      0.754300922578407,
      0.7574294573692564,
      0.6356565189048898,
      0.3944995105492777
    ],
    [
      0.6625639161480291,
      0.6610996953890989,
      0.7043112262979498,
      0.6187980863012311,
      0.6840088908790882,
      0.7915806695977085,
      0.7918251731377943,
      0.487362748833912,
      0.7324007212993217,
      0.7408929986247762,
      0.7738949395222952,
      0.7447247570027454,
      0.776740950207175,
      0.7264079685969329,
      0.7419371034089245,
      0.7445084406900851,
      0.7160412448704647,
      0.762325900389507,
      0.7425277536653262,
      0.7279610105074673,
      0.7589928288381885,
      0.7719110805891041,
      0.720434091668036,
      0.755698659419698,
      1,
      0.7470178144367786,
      0.7605964307215103,
      0.6490562390376402,
      0.3884534104292543
    ],
    [
      0.6816289187367798,
      0.6810134523498461,
      0.6910597741496848,
      0.640756218888282,
      0.7111835259688095,
      0.7954386851016051,
      0.7873904406510668,
      0.5051112034707554,
      0.7414312239287829,
      0.7735933977701214,
      0.7811125837698643,
      0.7747543179729123,
      0.7709660846296696,
      0.786270178434859,
      0.7677726782899754,
      0.7646070080063463,
      0.7458110513137571,
      0.8024107326697666,
      0.7637096523491931,
      0.752020620542803,
      0.7884379234547048,
      0.7751996407302847,
      0.7327879499525365,
      0.754300922578407,
      0.7470178144367786,
      1,
      0.7747990371918125,
      0.650521219120556,
      0.406310369098485
    ],
    [
      0.6742679812444761,
      0.6847350513045922,
      0.7043146869873382,
      0.6451563754919132,
      0.7104450186532778,
      0.8229325528718927,
      0.8287209133168207,
      0.4830037279389597,
      0.7478277191858007,
      0.7753467257058023,
      0.7707386274922224,
      0.7706113714296515,
      0.7822716109666064,
      0.7532262226454645,
      0.7498104023957033,
      0.752305878475169,
      0.7317134454919187,
      0.7934409025690025,
      0.7684092623958028,
      0.7537162588485208,
      0.8015443711746322,
      0.8008191624382812,
      0.7362793543885958,
      0.7574294573692564,
      0.7605964307215103,
      0.7747990371918125,
      1,
      0.6411494887519353,
      0.3973877590256268
    ],
    [
      0.7141261025791034,
      0.6772529263760692,
      0.6891185770303465,
      0.6790691339956341,
      0.7095369817449497,
      0.6860920228076625,
      0.6497671611143955,
      0.487797744858562,
      0.6992667225748097,
      0.62929968909914,
      0.6562828996938774,
      0.6346045814141574,
      0.6649492849556841,
      0.6863541998945631,
      0.6367219164118302,
      0.6802849667959858,
      0.7182707585685876,
      0.6525017952643775,
      0.7101260707949668,
      0.7157832922909831,
      0.6984359959431263,
      0.6484435580524767,
      0.7211602378896167,
      0.6356565189048898,
      0.6490562390376402,
      0.650521219120556,
      0.6411494887519353,
      1,
      0.38624766340696776
    ],
    [
      0.41047891906181655,
      0.4082572902153633,
      0.41298319418442264,
      0.3674103834854113,
      0.4079234632670962,
      0.4225402243237206,
      0.4071002848585908,
      0.3820338543789615,
      0.4189623940934851,
      0.39902591881140725,
      0.40675139232015045,
      0.4031975451158392,
      0.4052533285617192,
      0.4117649034857914,
      0.39631186435272675,
      0.40786683701510384,
      0.4220590309400336,
      0.40027887428543374,
      0.4214888857845588,
      0.4328975790305583,
      0.410444559618451,
      0.40425155222340964,
      0.3963813110379706,
      0.3944995105492777,
      0.3884534104292543,
      0.406310369098485,
      0.3973877590256268,
      0.38624766340696776,
      1
    ]
  ]
}